53	9	23	50	14	41	55	35	57	35	56	23
69	9	41	55	35	57	35	56	69	35	43	30
23	8	13	50	14	7	41	44	45	44	13	
41	8	19	50	41	55	35	57	35	56	19	
46	8	20	50	41	55	35	57	35	56	20	
56	8	51	14	41	55	35	57	35	56	23	
66	8	41	55	35	57	35	56	69	30	30	
26	7	51	14	7	41	44	45	44	13		
52	7	23	50	14	41	55	35	56	23		
68	7	41	55	35	56	69	35	43	30		
22	6	13	50	14	7	41	44	13			
40	6	19	50	41	55	35	56	19			
45	6	20	50	41	55	35	56	20			
55	6	51	14	41	55	35	56	23			
65	6	41	55	35	56	69	30	30			
91	6	41	55	35	57	35	56	37			
10	5	7	41	44	45	44	6				
21	5	13	50	14	7	41	13				
25	5	51	14	7	41	44	13				
60	5	63	64	31	65	66	26				
62	5	29	64	31	65	67	28				
16	4	11	4	17	39	10					
24	4	51	14	7	41	13					
51	4	23	50	14	41	23					
67	4	41	69	35	43	30					
92	4	41	55	35	56	37					
1	3	2	3	39	1						
3	3	4	8	15	3						
5	3	42	5	39	4						
6	3	5	6	43	5						
9	3	7	41	44	6						
17	3	11	17	39	10						
18	3	12	13	48	11						
29	3	16	17	39	15						
39	3	19	50	41	19						
43	3	20	50	41	20						
44	3	20	50	59	20						
48	3	22	23	48	21						
54	3	51	14	41	23						
57	3	26	17	39	24						
58	3	25	17	39	24						
59	3	26	17	62	25						
61	3	28	17	39	27						
64	3	41	69	30	30						
70	3	31	70	32	31						
72	3	32	71	33	32						
76	3	35	73	35	34						
77	3	35	74	35	34						
78	3	35	75	35	34						
79	3	35	76	35	34						
80	3	35	77	35	34						
81	3	35	78	35	34						
83	3	35	79	36	35						
84	3	35	80	36	35						
87	3	36	81	37	36						
88	3	36	82	37	36						
90	3	64	31	65	37						
2	2	40	41	2							
4	2	4	15	3							
7	2	6	43	5							
8	2	7	41	6							
14	2	9	10	9							
20	2	49	41	12							
31	2	17	18	17							
33	2	27	43	18							
34	2	24	43	18							
36	2	19	43	18							
37	2	20	43	18							
38	2	21	43	18							
42	2	58	59	19							
47	2	60	59	20							
50	2	61	41	22							
74	2	72	34	33							
85	2	80	36	35							
11	1	46	7								
12	1	47	7								
13	1	9	8								
15	1	10	9								
19	1	12	11								
27	1	52	14								
28	1	53	14								
30	1	54	16								
32	1	18	17								
35	1	30	18								
49	1	22	21								
63	1	68	29								
71	1	32	31								
73	1	33	32								
75	1	34	33								
82	1	35	34								
86	1	36	35								
89	1	37	36								
93	1	41	37								
94	1	38	37								
95	1	44	38								
96	1	83	38								
