000000000000000000000000000000000000000000000000000000000000000000000000000000000000
000000000000000000000000000000000000000000000000000000000000000000000000000000000000
000130000000000000000000000000000000000000300000000000000000000000000000000000000000
000000000000000000000000000000000000000100000000000000000000000000000000000000000000
000000001333300131333330333333300000000003000000030000300030330300003000000000000000
000000130000000000000000000000000000000100000033000000000000000000000000000000000000
000000000000000000000000000000000000000000010000000000000000000000000000000000000000
000000000000000000000000000000000000000001000000000000000000000000000000000000000000
000000000000000130000000000000000000000000000000000000300000000000000000000000000000
000000000013300220000000000000000000000000000000030000200000000000000000000000000000
000000000022200220000000000000000000000000000000020000200000000000000000000000000000
000010000000000001333330333333300000000003300000000000000030330300003000000000000000
000020000000010002222220222222200000000002200000000300000020220200002000000000000000
000000000000000000000000000000000000000000000000101000000000000000000000000000000000
000000010000000000000000000000000000000001000033000000000000000000000000000000000000
000000000000000000000000000000000000000200000000000000000000000000000000000000000000
000000000000000001333330333333300000000003000000000000000030330300003000000000000000
000000000000000000133330333333300000000103000000000000000030331300003000000000000000
000000000000000000222220222222200000000202000000000000000020222200002000000000000000
000000000000000000000000000000000000000000010000001000000000000000000000000000000000
000000000000000000000000000000000000000000010000001000000000000000000000000000000000
000000000000000000000000000000000000000000010000000000000000000000000000000000000000
000000000000000000000001000000000000000000020000000300000000000000000000000000000000
000000000000000000000000000000000000000000000000101000000000000000000000000000000000
000000000000000000000000000000000000000000010000000000000000000000000000000000000000
000000000000000001333330333333300000000003000000000000000030330300003000000000000000
000000000000000001333330333333300000000003000000000000000030330300003000000000000000
000000000000000000000000000000000000000000010000000000000000000000000000000000000000
000000000000000001333330333333300000000003000000000000000030330300003000000000000000
000000000000000000000000000000000000000000000000000000000000000010000000000000000000
000000000000000000222220222222200000000202000000000000000020222200002000000000000000
000000000000000000000000000000000000000000000000000000000000000001000010000000000000
000000000000000000000000000000000000000000000000000000000000000002000021000000000000
000000000000000000000000000000000000000000000000000000000000000002000022000000000000
000000000000000000000000000000000000000000000000000000000000000002000022000000000000
000000000000000000000000000000000000000000010000000000001100000002000022011111111000
000000000000000000000000000000000000000000020000000000002200000002000022022222222110
000000000000000000000000000000000000000000020000000000002200000002000022022222222220
000000000000000000000000000000000000000000020000000000002200000002000022022222222220
000000002222200222222220222222200000000202020000020000200020220200002000000000000000
000000000000000000000000000000000000000001000000000000000000000000000000000000000000
000220000000020002222222222222200000000002221000202200012220220202002122022222222220
000001330000000000000000000000000000000000000033000000000000000000000000000000000000
000000220000000000222220222222200000000202000022000000000020222200002000000000000000
000000000000000000000000000000000000000000020100202000002200000002000022022222222220
000000000000000000000000000000000000000000001000000000000000000000000000000000000000
000000000000000000000000000000000000000002000000000000000000000000000000000000000000
000000000000000000000000000000000000000002000000000000000000000000000000000000000000
000020000000000002222220222222200000000002220000000000000020220200002000000000000000
000000000000000000000000000000000000000001000000000000000000000000000000000000000000
000000000000001000000000000000000000000001000000000033000001000000000000000000000000
000000000000001000000000000000000000000000000000000033000000000000000000000000000000
000000020000000000000000000000000000000002000022000000000000000000000000000000000000
000000020000000000000000000000000000000002000022000000000000000000000000000000000000
000000000000000002222220222222200000000002000000000000000020220200002000000000000000
000000000000000000000000000000000001333003003000000000000000000030000000000000003003
000000000000000000000000000000000000000000020000202000002200000002000122022222222220
000000000000000000000000000000000001333003003000000000000000000030000000000000003003
000000000000000000000000000000000000000000000000000000000001000000000000000000000000
000000000000000000000000000000000000000000020000002000000000000000000000000000000000
000000000000000000000000000000000000000000000000000000000001000000000000000000000000
000000000000000000000000000000000000000001000000000000000000000000000000000000000000
000000000000000002222220222222200000000002000000000000000020220200002000000000000000
000000000000000000000000000000000000000000000000000000000000000010000000000000000000
000000000000000000000000000000013333333003003000000000000000000030000000300000003003
000000000000000000000000000000000000000000020000000000002200000002110022022222222220
000000000000000002222220222222200000000002000000000000000020220200002000000000000000
000000000000000002222220222222200000000002000000000000000020220200002000000000000000
000000000000000000000000000000000000000000000000000000000000000020000000000000000000
000000000000000000000000000000100001333003003000000000000000000030000000000000003003
000000000000000000000000000000001333333003003000000000000000000030000000300000003003
000000000000000000000000000000000133333003003000000000000000000030000000300000003003
000000000000000000000000000000000013333003003000000000000000000030000000000000003003
000000000000000000000000000000000001333003003000000000000000000030000000000000003003
000000000000000000000000000000000001333003003000000000000000000030000000000000003003
000000000000000000000000000000000001333003003000000000000000000030000000000000003003
000000000000000000000000000000000001333003003000000000000000000030000000000000003003
000000000000000000000000000000000001333003003000000000000000000030000000000000003003
000000000000000000000000000000000001333003003000000000000000000030000000000000003003
000000000000000000000000000000000000133003003000000000000000000030000000000000000003
000000000000000000000000000000000000133003003000000000000000000030000000000000000003
000000000000000000000000000000000000013003003000000000000000000030000000000000000003
000000000000000000000000000000000000013003003000000000000000000030000000000000000003
000000000000000000000000000000000000000000020000000000002200000002000022022222222220